   645.771365     0.699491
   628.848563     0.708673
   680.060255     0.720396
   638.761369     0.730865
   772.065702     0.742065
   742.992824     0.752810
   742.219301     0.763950
   729.310710     0.774810
   724.444079     0.785928
   681.601084     0.796836
   542.546121     0.807950
   501.809760     0.818870
   409.163253     0.829978
   362.216047     0.840908
   300.797061     0.852013
   260.406964     0.862948
   216.460772     0.874049
   181.576206     0.884989
   147.395601     0.896085
   115.613295     0.907029
    93.857544     0.918120
    66.352956     0.929066
    63.395723     0.940153
    21.339402     0.951094
    11.578628     0.962184
   -24.910650     0.973121
   -45.086341     0.984211
   -74.765133     0.995148
  -100.353779     1.006236
  -124.198485     1.017172
  -162.976968     1.028258
  -179.798020     1.039193
  -261.463913     1.050277
  -298.097010     1.061213
  -278.203376     1.072299
  -298.687103     1.083307
  -294.639117     1.094309
  -319.452637     1.105298
  -319.270942     1.116377
  -341.144751     1.127372
  -305.194566     1.138451
  -357.045239     1.149454
  -321.294889     1.160525
  -318.331954     1.171506
  -305.326753     1.182559
  -367.496302     1.193645
  -350.706240     1.204701
  -352.704655     1.215774
  -350.819788     1.226832
  -275.564337     1.237880
  -336.714171     1.248933
