   620.530216     0.714229
   513.419014     0.741920
   737.551275     0.772024
   655.742881     0.801359
   377.735366     0.831395
   392.971190     0.860948
   119.619040     0.890973
   135.217315     0.920566
    -1.494209     0.950567
     1.100788     0.980177
  -121.506707     1.010140
  -148.450896     1.039765
  -278.472096     1.069703
  -321.405649     1.099344
  -216.310450     1.129281
  -407.663120     1.159046
  -260.688705     1.188982
  -388.394550     1.218848
  -309.841622     1.248823
