   582.933835     0.703730
   478.927370     0.720617
   755.202990     0.740460
   670.980126     0.759481
   696.397814     0.779272
   718.430502     0.798478
   479.966779     0.818273
   467.730039     0.837601
   243.599288     0.857386
   239.129912     0.876735
   102.936484     0.896506
   114.648305     0.915869
    31.720884     0.935616
    18.335924     0.954986
   -35.651377     0.974726
   -47.764193     0.994096
  -127.339677     1.013823
  -150.294504     1.033200
  -260.854244     1.052922
  -302.884262     1.072305
  -273.242745     1.092025
  -319.021547     1.111485
  -293.924486     1.131075
  -289.694549     1.150693
  -384.464854     1.170233
  -380.703176     1.189871
  -303.224271     1.209645
  -323.731172     1.229232
  -347.531480     1.248862
