   672.088592     0.699420
   643.579149     0.711547
   670.343076     0.725844
   640.715492     0.739106
   772.306650     0.753085
   744.636652     0.766562
   752.198245     0.780481
   739.981314     0.794095
   513.907290     0.807998
   510.510918     0.821644
   351.368025     0.835528
   340.416152     0.849198
   229.996218     0.863068
   217.561291     0.876752
   143.052623     0.890613
   142.111494     0.904305
    86.876152     0.918154
    77.454778     0.931850
    23.045374     0.945694
    19.778727     0.959393
   -31.376377     0.973229
   -39.770900     0.986930
   -90.075958     1.000759
  -108.144159     1.014459
  -168.476015     1.028285
  -189.195240     1.041984
  -274.777030     1.055809
  -337.894514     1.069501
  -340.414807     1.083333
  -300.241111     1.097076
  -296.148542     1.110902
  -298.830487     1.124758
  -324.681435     1.138476
  -356.497300     1.152229
  -329.793304     1.166072
  -323.480643     1.179930
  -287.390124     1.193630
  -345.097251     1.207508
  -370.798323     1.221266
  -349.904907     1.235051
  -319.545278     1.248940
