   358.039834     0.703443
   205.951459     0.720463
   573.365490     0.740307
   436.352881     0.759309
   579.084659     0.779117
   533.067239     0.798370
   572.207886     0.818172
   479.369348     0.837507
   502.974090     0.857294
   389.828197     0.876658
   415.846280     0.896422
   299.144458     0.915807
   325.721778     0.935543
   214.282069     0.954944
   239.637024     0.974656
   136.733703     0.994070
   160.745599     1.013760
    65.635877     1.033188
    88.457660     1.052857
     1.380660     1.072302
    31.046301     1.091954
   -25.178227     1.111428
    27.750918     1.131088
   -21.711857     1.150618
    27.525056     1.170256
   -21.500616     1.189835
    24.441498     1.209477
   -19.770374     1.229117
     8.869288     1.248815
