   435.221144     0.713369
   628.018432     0.742535
   604.683245     0.771802
   846.884808     0.801680
   489.499210     0.831356
   383.377080     0.861245
   194.454101     0.890984
   148.564839     0.920849
    22.798078     0.950606
   -11.073472     0.980452
  -109.231426     1.010215
  -154.701549     1.040043
  -261.925580     1.069812
  -348.775750     1.099628
  -395.288859     1.129411
  -369.248916     1.159281
  -390.420497     1.189131
  -372.394805     1.218983
  -387.770340     1.248909
